Sample	0	1	2	3	4	5	6	7	8	9	10	11	12	13	14	15	16	17	18	19	20	21	22	23	24	25	26	27	28	29	30	31	32	33	34	35	36	37	38	39	40	41	42	43	44	45	46	47	48	49	50	51	52	53	54	55	56	57	58	59	60	61	62	63	64	65	66	67	68	69	70	71	72	73	74	75	76	77	78	79	80	81	82	83	84	85	86	87	88	89	90	91	92	93	94	95	96	97	98	99	100
14dpa_S1_L001_R1_001	(0.0, 0.00011967160841861601)	(1.0, 0.00011967160841861601)	(2.0, 0.00013555126261314448)	(3.0, 0.00015143091680767294)	(4.0, 0.00015143091680767294)	(5.0, 0.00015143091680767294)	(6.0, 0.00029777321624877007)	(7.0, 0.0004441155156898672)	(8.0, 0.0004441155156898672)	(9.0, 0.0004441155156898672)	(10.0, 0.0008178615912209385)	(11.0, 0.00119160766675201)	(12.0, 0.00119160766675201)	(13.0, 0.00211660742361708)	(14.0, 0.0030416071804821505)	(15.0, 0.0030416071804821505)	(16.0, 0.0030416071804821505)	(17.0, 0.006836547531960841)	(18.0, 0.01063148788343953)	(19.0, 0.01063148788343953)	(20.0, 0.01063148788343953)	(21.0, 0.019228400023221997)	(22.0, 0.02782531216300446)	(23.0, 0.02782531216300446)	(24.0, 0.02782531216300446)	(25.0, 0.06141676040483958)	(26.0, 0.0950082086466747)	(27.0, 0.0950082086466747)	(28.0, 0.0950082086466747)	(29.0, 0.19686181545551593)	(30.0, 0.2987154222643571)	(31.0, 0.2987154222643571)	(32.0, 0.2987154222643571)	(33.0, 0.5513727391403225)	(34.0, 0.804030056016288)	(35.0, 0.804030056016288)	(36.0, 0.804030056016288)	(37.0, 1.267008739682903)	(38.0, 1.729987423349518)	(39.0, 1.729987423349518)	(40.0, 2.3472003965912354)	(41.0, 2.9644133698329522)	(42.0, 2.9644133698329522)	(43.0, 2.9644133698329522)	(44.0, 3.552294423969874)	(45.0, 4.140175478106797)	(46.0, 4.140175478106797)	(47.0, 4.140175478106797)	(48.0, 4.414224530589076)	(49.0, 4.688273583071356)	(50.0, 4.688273583071356)	(51.0, 4.688273583071356)	(52.0, 4.519172848359633)	(53.0, 4.3500721136479115)	(54.0, 4.3500721136479115)	(55.0, 4.3500721136479115)	(56.0, 3.826475602303077)	(57.0, 3.3028790909582426)	(58.0, 3.3028790909582426)	(59.0, 3.3028790909582426)	(60.0, 2.664740396500638)	(61.0, 2.0266017020430334)	(62.0, 2.0266017020430334)	(63.0, 1.5095894655691966)	(64.0, 0.9925772290953596)	(65.0, 0.9925772290953596)	(66.0, 0.9925772290953596)	(67.0, 0.6827252984240147)	(68.0, 0.37287336775266994)	(69.0, 0.37287336775266994)	(70.0, 0.37287336775266994)	(71.0, 0.23926476896950297)	(72.0, 0.10565617018633598)	(73.0, 0.10565617018633598)	(74.0, 0.10565617018633598)	(75.0, 0.06325670148424202)	(76.0, 0.02085723278214804)	(77.0, 0.02085723278214804)	(78.0, 0.02085723278214804)	(79.0, 0.011890475180146628)	(80.0, 0.0029237175781452146)	(81.0, 0.0029237175781452146)	(82.0, 0.0029237175781452146)	(83.0, 0.0018016081485787345)	(84.0, 0.0006794987190122542)	(85.0, 0.0006794987190122542)	(86.0, 0.0006794987190122542)	(87.0, 0.00043930409926933045)	(88.0, 0.00019910947952640678)	(89.0, 0.00019910947952640678)	(90.0, 0.0001433920893725376)	(91.0, 8.767469921866839e-05)	(92.0, 8.767469921866839e-05)	(93.0, 8.767469921866839e-05)	(94.0, 6.698362860360324e-05)	(95.0, 4.6292557988538096e-05)	(96.0, 4.6292557988538096e-05)	(97.0, 4.6292557988538096e-05)	(98.0, 8.543729158278095e-05)	(99.0, 0.00012458202517702383)	(100.0, 0.00012458202517702383)
14dpa_S1_L001_R2_001	(0.0, 0.0007620305357522175)	(1.0, 0.0008616241019113395)	(2.0, 0.001205273393710023)	(3.0, 0.0015289892612626783)	(4.0, 0.0016645512571498728)	(5.0, 0.0018163689237321679)	(6.0, 0.001989958891335955)	(7.0, 0.0021690654892661337)	(8.0, 0.0023294155440865805)	(9.0, 0.00245151696197738)	(10.0, 0.002685422087816381)	(11.0, 0.0031000520231479686)	(12.0, 0.0036258236707885916)	(13.0, 0.004551734904770148)	(14.0, 0.006259389433536892)	(15.0, 0.011784037262669451)	(16.0, 0.026977719842403963)	(17.0, 0.04597118383588595)	(18.0, 0.05835881401133365)	(19.0, 0.0699596991471669)	(20.0, 0.0804253353168998)	(21.0, 0.104450481053548)	(22.0, 0.1410174283944988)	(23.0, 0.18921894909380932)	(24.0, 0.27984997695946245)	(25.0, 0.3882773600377706)	(26.0, 0.5022342455798985)	(27.0, 0.6611896962538341)	(28.0, 0.8714790103264052)	(29.0, 1.1679242617438608)	(30.0, 1.507326410186862)	(31.0, 1.7553900045360824)	(32.0, 1.9559892471077402)	(33.0, 2.197874215491402)	(34.0, 2.476820053517905)	(35.0, 2.7233657654215864)	(36.0, 3.0383663132744663)	(37.0, 3.4354883028268626)	(38.0, 3.6632236293088276)	(39.0, 3.8203340245813338)	(40.0, 4.017156876251828)	(41.0, 4.1860388779800015)	(42.0, 4.311368922158089)	(43.0, 4.404508325055617)	(44.0, 4.42497141936805)	(45.0, 4.334378419474113)	(46.0, 4.285753662896162)	(47.0, 4.24700212994596)	(48.0, 4.075918036501633)	(49.0, 3.795702417284138)	(50.0, 3.6359191042858883)	(51.0, 3.4831726578218416)	(52.0, 3.1922090980720443)	(53.0, 2.8874137278824206)	(54.0, 2.5343985953358734)	(55.0, 2.114643710431068)	(56.0, 1.7417656929515999)	(57.0, 1.426829726451074)	(58.0, 1.1001442935712578)	(59.0, 0.870229089004587)	(60.0, 0.7380576141159926)	(61.0, 0.6008460722061357)	(62.0, 0.467111331393184)	(63.0, 0.3759997682485666)	(64.0, 0.2968471563255009)	(65.0, 0.24029603173951922)	(66.0, 0.21635849009245411)	(67.0, 0.19325278274353783)	(68.0, 0.14044686170860787)	(69.0, 0.09319015589653065)	(70.0, 0.07641114087113324)	(71.0, 0.07176554969574342)	(72.0, 0.055175424092721664)	(73.0, 0.042586400132825164)	(74.0, 0.03278805556737258)	(75.0, 0.015960199974818862)	(76.0, 0.01156793246401694)	(77.0, 0.009216523953695812)	(78.0, 0.007552561137114088)	(79.0, 0.005999078037202231)	(80.0, 0.005078315658191974)	(81.0, 0.004288996191091873)	(82.0, 0.003161838282803554)	(83.0, 0.0024219478234279216)	(84.0, 0.0019399414430433383)	(85.0, 0.0014852239940066386)	(86.0, 0.0011072244840422906)	(87.0, 0.0008860443854894992)	(88.0, 0.0007338589435521114)	(89.0, 0.0006145526183600171)	(90.0, 0.0005306262823278472)	(91.0, 0.0004680309168910579)	(92.0, 0.00041845479902455265)	(93.0, 0.00038645834313148173)	(94.0, 0.00036240583490841465)	(95.0, 0.0003399715382477558)	(96.0, 0.00034997502790627905)	(97.0, 0.00039771226899732045)	(98.0, 0.0005078242103120956)	(99.0, 0.0012856690863333022)	(100.0, 0.0019836331552283595)
22dpa_S1_L001_R1_001	(0.0, 0.00016113701979698341)	(1.0, 0.00016113701979698341)	(2.0, 0.00016119476120398185)	(3.0, 0.0001612525026109803)	(4.0, 0.0001612525026109803)	(5.0, 0.0001612525026109803)	(6.0, 0.0002474989175309854)	(7.0, 0.0003337453324509905)	(8.0, 0.0003337453324509905)	(9.0, 0.0003337453324509905)	(10.0, 0.0005838426132969058)	(11.0, 0.000833939894142821)	(12.0, 0.000833939894142821)	(13.0, 0.0014437661405890252)	(14.0, 0.0020535923870352297)	(15.0, 0.0020535923870352297)	(16.0, 0.0020535923870352297)	(17.0, 0.004275943659591237)	(18.0, 0.006498294932147243)	(19.0, 0.006498294932147243)	(20.0, 0.006498294932147243)	(21.0, 0.013979752801256948)	(22.0, 0.02146121067036665)	(23.0, 0.02146121067036665)	(24.0, 0.02146121067036665)	(25.0, 0.05406031531374796)	(26.0, 0.08665941995712928)	(27.0, 0.08665941995712928)	(28.0, 0.08665941995712928)	(29.0, 0.1900893888928355)	(30.0, 0.2935193578285417)	(31.0, 0.2935193578285417)	(32.0, 0.2935193578285417)	(33.0, 0.551865364359762)	(34.0, 0.8102113708909823)	(35.0, 0.8102113708909823)	(36.0, 0.8102113708909823)	(37.0, 1.278197159850741)	(38.0, 1.7461829488104996)	(39.0, 1.7461829488104996)	(40.0, 2.363709974236729)	(41.0, 2.981236999662959)	(42.0, 2.981236999662959)	(43.0, 2.981236999662959)	(44.0, 3.563641351500076)	(45.0, 4.146045703337194)	(46.0, 4.146045703337194)	(47.0, 4.146045703337194)	(48.0, 4.411501871243387)	(49.0, 4.676958039149582)	(50.0, 4.676958039149582)	(51.0, 4.676958039149582)	(52.0, 4.507653247119905)	(53.0, 4.3383484550902285)	(54.0, 4.3383484550902285)	(55.0, 4.3383484550902285)	(56.0, 3.819682609770954)	(57.0, 3.3010167644516786)	(58.0, 3.3010167644516786)	(59.0, 3.3010167644516786)	(60.0, 2.66672390559511)	(61.0, 2.0324310467385414)	(62.0, 2.0324310467385414)	(63.0, 1.513762853268715)	(64.0, 0.9950946597988887)	(65.0, 0.9950946597988887)	(66.0, 0.9950946597988887)	(67.0, 0.6854590208744692)	(68.0, 0.37582338195004994)	(69.0, 0.37582338195004994)	(70.0, 0.37582338195004994)	(71.0, 0.24066647307653816)	(72.0, 0.10550956420302643)	(73.0, 0.10550956420302643)	(74.0, 0.10550956420302643)	(75.0, 0.0630270938893499)	(76.0, 0.020544623575673392)	(77.0, 0.020544623575673392)	(78.0, 0.020544623575673392)	(79.0, 0.011645960613193949)	(80.0, 0.002747297650714503)	(81.0, 0.002747297650714503)	(82.0, 0.002747297650714503)	(83.0, 0.0017596886254131635)	(84.0, 0.0007720796001118242)	(85.0, 0.0007720796001118242)	(86.0, 0.0007720796001118242)	(87.0, 0.00046801335085803255)	(88.0, 0.0001639471016042409)	(89.0, 0.0001639471016042409)	(90.0, 0.00011860084997479835)	(91.0, 7.32545983453558e-05)	(92.0, 7.32545983453558e-05)	(93.0, 7.32545983453558e-05)	(94.0, 5.956988488672524e-05)	(95.0, 4.588517142809466e-05)	(96.0, 4.588517142809466e-05)	(97.0, 4.588517142809466e-05)	(98.0, 8.328235602741845e-05)	(99.0, 0.00012067954062674224)	(100.0, 0.00012067954062674224)
22dpa_S1_L001_R2_001	(0.0, 0.0009289793400406582)	(1.0, 0.0010389244650615668)	(2.0, 0.001510748557282125)	(3.0, 0.0019231139840930596)	(4.0, 0.001972105076071288)	(5.0, 0.002029142670075011)	(6.0, 0.002168995147757048)	(7.0, 0.002365457971547649)	(8.0, 0.002576660847721234)	(9.0, 0.0027730524635293076)	(10.0, 0.003090924897527583)	(11.0, 0.003547368065522418)	(12.0, 0.00412173165258113)	(13.0, 0.005017670488729494)	(14.0, 0.0062997702141190425)	(15.0, 0.008883053404215241)	(16.0, 0.013670366069471522)	(17.0, 0.021121213321131364)	(18.0, 0.029980839299095383)	(19.0, 0.041051971590384775)	(20.0, 0.05558815551939595)	(21.0, 0.07713569103191344)	(22.0, 0.10350998843200689)	(23.0, 0.14532217644384451)	(24.0, 0.20796939289503955)	(25.0, 0.2921499032622467)	(26.0, 0.39863702623570385)	(27.0, 0.530525531943995)	(28.0, 0.7187834871559627)	(29.0, 1.010188910960895)	(30.0, 1.2961280539871807)	(31.0, 1.4963704550743226)	(32.0, 1.6838553764279829)	(33.0, 1.8913631991802855)	(34.0, 2.1872092239835528)	(35.0, 2.4509687894444157)	(36.0, 2.726866111566833)	(37.0, 3.1060263304218894)	(38.0, 3.3215504630150954)	(39.0, 3.513893548976625)	(40.0, 3.7772144020571425)	(41.0, 4.040429653699573)	(42.0, 4.306478342174716)	(43.0, 4.478113363529734)	(44.0, 4.590988412199677)	(45.0, 4.5913318482994026)	(46.0, 4.593158475467172)	(47.0, 4.622246936329246)	(48.0, 4.494666513563807)	(49.0, 4.198188731539566)	(50.0, 4.011091964898657)	(51.0, 3.81577323976331)	(52.0, 3.4731929175720264)	(53.0, 3.191885568977159)	(54.0, 2.857316643275984)	(55.0, 2.3404241644186166)	(56.0, 1.8727790550685908)	(57.0, 1.5437158593683817)	(58.0, 1.1975659522210274)	(59.0, 0.9440674570422322)	(60.0, 0.8224536223406717)	(61.0, 0.6723344489459473)	(62.0, 0.5074306469711768)	(63.0, 0.4183414143285056)	(64.0, 0.32081090260521355)	(65.0, 0.23265876701259106)	(66.0, 0.17672454069811633)	(67.0, 0.1328326523486099)	(68.0, 0.09438069782421503)	(69.0, 0.06595468482358567)	(70.0, 0.05361192038033812)	(71.0, 0.04570434512875335)	(72.0, 0.03603209365419696)	(73.0, 0.027751530990138395)	(74.0, 0.020166171859486007)	(75.0, 0.01122935642846326)	(76.0, 0.008504796601034497)	(77.0, 0.007712679003409762)	(78.0, 0.007041401352132491)	(79.0, 0.005525454612125932)	(80.0, 0.004723723936860121)	(81.0, 0.003923844669139999)	(82.0, 0.0025637009949014116)	(83.0, 0.001769518365783409)	(84.0, 0.0013421992626419105)	(85.0, 0.0010231162929406849)	(86.0, 0.0007790865368223855)	(87.0, 0.0006081873787587967)	(88.0, 0.0004918335353105033)	(89.0, 0.00041343354654883196)	(90.0, 0.0003539036731566818)	(91.0, 0.0003033460055628701)	(92.0, 0.00026354074333055926)	(93.0, 0.00024837344305241575)	(94.0, 0.00024253438848524314)	(95.0, 0.00023199560707132182)	(96.0, 0.00023883157339386535)	(97.0, 0.000274577980622166)	(98.0, 0.0003576776962305861)	(99.0, 0.0007712536587444709)	(100.0, 0.001129785850765375)
24h_S1_L001_R1_001	(0.0, 0.00015430907845542961)	(1.0, 0.00015430907845542961)	(2.0, 0.0001752544674232866)	(3.0, 0.00019619985639114358)	(4.0, 0.00019619985639114358)	(5.0, 0.00019619985639114358)	(6.0, 0.0003145623900215837)	(7.0, 0.00043292492365202396)	(8.0, 0.00043292492365202396)	(9.0, 0.00043292492365202396)	(10.0, 0.0008342610679690152)	(11.0, 0.0012355972122860067)	(12.0, 0.0012355972122860067)	(13.0, 0.0021080740762337673)	(14.0, 0.0029805509401815283)	(15.0, 0.0029805509401815283)	(16.0, 0.0029805509401815283)	(17.0, 0.007165572196292228)	(18.0, 0.011350593452402928)	(19.0, 0.011350593452402928)	(20.0, 0.011350593452402928)	(21.0, 0.01998949202167291)	(22.0, 0.028628390590942892)	(23.0, 0.028628390590942892)	(24.0, 0.028628390590942892)	(25.0, 0.06236534749383807)	(26.0, 0.09610230439673324)	(27.0, 0.09610230439673324)	(28.0, 0.09610230439673324)	(29.0, 0.20031567552799903)	(30.0, 0.30452904665926483)	(31.0, 0.30452904665926483)	(32.0, 0.30452904665926483)	(33.0, 0.5566536338050393)	(34.0, 0.8087782209508136)	(35.0, 0.8087782209508136)	(36.0, 0.8087782209508136)	(37.0, 1.2717943989132086)	(38.0, 1.7348105768756037)	(39.0, 1.7348105768756037)	(40.0, 2.353211237439754)	(41.0, 2.9716118980039044)	(42.0, 2.9716118980039044)	(43.0, 2.9716118980039044)	(44.0, 3.553392568278983)	(45.0, 4.135173238554063)	(46.0, 4.135173238554063)	(47.0, 4.135173238554063)	(48.0, 4.409812512290793)	(49.0, 4.684451786027525)	(50.0, 4.684451786027525)	(51.0, 4.684451786027525)	(52.0, 4.513677864638922)	(53.0, 4.3429039432503185)	(54.0, 4.3429039432503185)	(55.0, 4.3429039432503185)	(56.0, 3.8192019447940253)	(57.0, 3.295499946337733)	(58.0, 3.295499946337733)	(59.0, 3.295499946337733)	(60.0, 2.658923387306739)	(61.0, 2.0223468282757455)	(62.0, 2.0223468282757455)	(63.0, 1.5072054492648523)	(64.0, 0.9920640702539594)	(65.0, 0.9920640702539594)	(66.0, 0.9920640702539594)	(67.0, 0.6830407616437458)	(68.0, 0.3740174530335323)	(69.0, 0.3740174530335323)	(70.0, 0.3740174530335323)	(71.0, 0.24012514851834613)	(72.0, 0.10623284400315997)	(73.0, 0.10623284400315997)	(74.0, 0.10623284400315997)	(75.0, 0.06407092067737503)	(76.0, 0.021908997351590114)	(77.0, 0.021908997351590114)	(78.0, 0.021908997351590114)	(79.0, 0.01242334679207115)	(80.0, 0.0029376962325521837)	(81.0, 0.0029376962325521837)	(82.0, 0.0029376962325521837)	(83.0, 0.0017933510312632451)	(84.0, 0.000649005829974307)	(85.0, 0.000649005829974307)	(86.0, 0.000649005829974307)	(87.0, 0.00041700000183849507)	(88.0, 0.00018499417370268322)	(89.0, 0.00018499417370268322)	(90.0, 0.00015294351138945238)	(91.0, 0.00012089284907622154)	(92.0, 0.00012089284907622154)	(93.0, 0.00012089284907622154)	(94.0, 0.00011878425287140373)	(95.0, 0.00011667565666658591)	(96.0, 0.00011667565666658591)	(97.0, 0.00011667565666658591)	(98.0, 0.0002850420431541343)	(99.0, 0.0004534084296416828)	(100.0, 0.0004534084296416828)
24h_S1_L001_R2_001	(0.0, 0.0005197359172405638)	(1.0, 0.0006665852648249512)	(2.0, 0.0010581086782877086)	(3.0, 0.0013922246250852141)	(4.0, 0.0015470077294707967)	(5.0, 0.0017131675417222441)	(6.0, 0.0019193703717910453)	(7.0, 0.002089272522156264)	(8.0, 0.0022538605523999278)	(9.0, 0.0024221909207573626)	(10.0, 0.0026950822160135687)	(11.0, 0.003174400881625402)	(12.0, 0.0038570033535772945)	(13.0, 0.004984794367543425)	(14.0, 0.006647290651205205)	(15.0, 0.0101229497509892)	(16.0, 0.018164710430147883)	(17.0, 0.030614271786468725)	(18.0, 0.044990463650521326)	(19.0, 0.06301229161148542)	(20.0, 0.08690195604131842)	(21.0, 0.12322606278149263)	(22.0, 0.17074941571417668)	(23.0, 0.23528049782575508)	(24.0, 0.33783134007685744)	(25.0, 0.47429495092790663)	(26.0, 0.6376638022608657)	(27.0, 0.8306251173817095)	(28.0, 1.0836398819077664)	(29.0, 1.4610393370953398)	(30.0, 1.8605299638620298)	(31.0, 2.148599508886832)	(32.0, 2.4133151426061685)	(33.0, 2.68047721759724)	(34.0, 2.8924799232747636)	(35.0, 3.0561705408387447)	(36.0, 3.345038476276739)	(37.0, 3.7609485366708384)	(38.0, 3.9250011131771836)	(39.0, 3.942414062727037)	(40.0, 4.021343191957253)	(41.0, 4.135251506456315)	(42.0, 4.233878806582178)	(43.0, 4.2157118507491615)	(44.0, 4.112692916846789)	(45.0, 3.949795824656451)	(46.0, 3.850484499970154)	(47.0, 3.811895829590574)	(48.0, 3.686298172299622)	(49.0, 3.4546896566311)	(50.0, 3.3187425632865133)	(51.0, 3.1761266982699485)	(52.0, 2.905187855654459)	(53.0, 2.6176259962181714)	(54.0, 2.2950633956455007)	(55.0, 1.9494120658461067)	(56.0, 1.641429464871165)	(57.0, 1.3441123029801847)	(58.0, 1.0145638798505374)	(59.0, 0.7985783534120513)	(60.0, 0.7066606912903698)	(61.0, 0.6071696595278491)	(62.0, 0.4778211315922265)	(63.0, 0.3861122919372934)	(64.0, 0.3350948676013056)	(65.0, 0.2841174862831351)	(66.0, 0.2395756541256927)	(67.0, 0.19626108432928047)	(68.0, 0.13372354573090808)	(69.0, 0.08769899921278945)	(70.0, 0.072490211965185)	(71.0, 0.06801355226672945)	(72.0, 0.05308843424814886)	(73.0, 0.04137499079880684)	(74.0, 0.031596560694571424)	(75.0, 0.015243216758251148)	(76.0, 0.011063848399553591)	(77.0, 0.009143355326328415)	(78.0, 0.00771857235965339)	(79.0, 0.006068874872340707)	(80.0, 0.0048873438830608195)	(81.0, 0.00395348083015032)	(82.0, 0.002939980822178765)	(83.0, 0.0022174850259340704)	(84.0, 0.0017132423884845197)	(85.0, 0.0013607889849295348)	(86.0, 0.0010832571904122522)	(87.0, 0.000861561080552438)	(88.0, 0.0006871681244506936)	(89.0, 0.0005630721925980358)	(90.0, 0.00047557632749806194)	(91.0, 0.0004199651831274198)	(92.0, 0.0003741589646148586)	(93.0, 0.0003388312928208572)	(94.0, 0.00032034414253882674)	(95.0, 0.0003104643699184704)	(96.0, 0.00032648157704541177)	(97.0, 0.00037617982719629516)	(98.0, 0.000534331035884272)	(99.0, 0.0013079471707630834)	(100.0, 0.0019548477371095973)
33dpa_S1_L001_R1_001	(0.0, 6.754854392207592e-05)	(1.0, 6.754854392207592e-05)	(2.0, 8.821862364920365e-05)	(3.0, 0.00010888870337633139)	(4.0, 0.00010888870337633139)	(5.0, 0.00010888870337633139)	(6.0, 0.00022470498115712248)	(7.0, 0.0003405212589379136)	(8.0, 0.0003405212589379136)	(9.0, 0.0003405212589379136)	(10.0, 0.0006835769963164831)	(11.0, 0.0010266327336950526)	(12.0, 0.0010266327336950526)	(13.0, 0.0018468650527488316)	(14.0, 0.0026670973718026106)	(15.0, 0.0026670973718026106)	(16.0, 0.0026670973718026106)	(17.0, 0.005762577921819209)	(18.0, 0.008858058471835809)	(19.0, 0.008858058471835809)	(20.0, 0.008858058471835809)	(21.0, 0.01955254370002782)	(22.0, 0.03024702892821983)	(23.0, 0.03024702892821983)	(24.0, 0.03024702892821983)	(25.0, 0.06968946479568397)	(26.0, 0.10913190066314811)	(27.0, 0.10913190066314811)	(28.0, 0.10913190066314811)	(29.0, 0.2093955110711259)	(30.0, 0.3096591214791037)	(31.0, 0.3096591214791037)	(32.0, 0.3096591214791037)	(33.0, 0.5645782584403749)	(34.0, 0.8194973954016462)	(35.0, 0.8194973954016462)	(36.0, 0.8194973954016462)	(37.0, 1.2822233760256971)	(38.0, 1.744949356649748)	(39.0, 1.744949356649748)	(40.0, 2.356983452247767)	(41.0, 2.969017547845786)	(42.0, 2.969017547845786)	(43.0, 2.969017547845786)	(44.0, 3.5476672118147685)	(45.0, 4.126316875783751)	(46.0, 4.126316875783751)	(47.0, 4.126316875783751)	(48.0, 4.397312171946274)	(49.0, 4.668307468108798)	(50.0, 4.668307468108798)	(51.0, 4.668307468108798)	(52.0, 4.499049309345735)	(53.0, 4.329791150582673)	(54.0, 4.329791150582673)	(55.0, 4.329791150582673)	(56.0, 3.8122195633985148)	(57.0, 3.2946479762143563)	(58.0, 3.2946479762143563)	(59.0, 3.2946479762143563)	(60.0, 2.6612072251326118)	(61.0, 2.027766474050867)	(62.0, 2.027766474050867)	(63.0, 1.5095989277287816)	(64.0, 0.9914313814066958)	(65.0, 0.9914313814066958)	(66.0, 0.9914313814066958)	(67.0, 0.6835897250304295)	(68.0, 0.375748068654163)	(69.0, 0.375748068654163)	(70.0, 0.375748068654163)	(71.0, 0.24174274025267392)	(72.0, 0.1077374118511848)	(73.0, 0.1077374118511848)	(74.0, 0.1077374118511848)	(75.0, 0.06476923486405256)	(76.0, 0.021801057876920313)	(77.0, 0.021801057876920313)	(78.0, 0.021801057876920313)	(79.0, 0.012452005222429126)	(80.0, 0.0031029525679379397)	(81.0, 0.0031029525679379397)	(82.0, 0.0031029525679379397)	(83.0, 0.001949689781781964)	(84.0, 0.0007964269956259879)	(85.0, 0.0007964269956259879)	(86.0, 0.0007964269956259879)	(87.0, 0.0004883470607284711)	(88.0, 0.00018026712583095412)	(89.0, 0.00018026712583095412)	(90.0, 0.00012991548747658848)	(91.0, 7.956384912222282e-05)	(92.0, 7.956384912222282e-05)	(93.0, 7.956384912222282e-05)	(94.0, 7.334968346402185e-05)	(95.0, 6.713551780582086e-05)	(96.0, 6.713551780582086e-05)	(97.0, 6.713551780582086e-05)	(98.0, 0.00016213152454448238)	(99.0, 0.0002571275312831439)	(100.0, 0.0002571275312831439)
33dpa_S1_L001_R2_001	(0.0, 0.000208220189772647)	(1.0, 0.0003073859256376133)	(2.0, 0.0005082940351674081)	(3.0, 0.0006741737983909684)	(4.0, 0.000790052860525311)	(5.0, 0.0008948593440061919)	(6.0, 0.0009927715804009549)	(7.0, 0.0011268960237127)	(8.0, 0.0012484158334629574)	(9.0, 0.0013312860762152818)	(10.0, 0.0014780847919479707)	(11.0, 0.001705943140087135)	(12.0, 0.0020308084194481375)	(13.0, 0.0026481569085232263)	(14.0, 0.003728673451838407)	(15.0, 0.005846948278762948)	(16.0, 0.014585232363268549)	(17.0, 0.0345894125750851)	(18.0, 0.0522553984418159)	(19.0, 0.06483099259891086)	(20.0, 0.07151743732841268)	(21.0, 0.09384804291806696)	(22.0, 0.12416761846448313)	(23.0, 0.16014110337125095)	(24.0, 0.23520420322885238)	(25.0, 0.3319930255428755)	(26.0, 0.44429334668978804)	(27.0, 0.6145388396514877)	(28.0, 0.8469467641177545)	(29.0, 1.1530852488659373)	(30.0, 1.4954202021488652)	(31.0, 1.734171878517252)	(32.0, 1.9146490609044855)	(33.0, 2.124763845487485)	(34.0, 2.3755219576146356)	(35.0, 2.596039882495149)	(36.0, 2.885414483161991)	(37.0, 3.2848205012958176)	(38.0, 3.5068918602142096)	(39.0, 3.6878123635807385)	(40.0, 3.942912737150392)	(41.0, 4.1979989043927155)	(42.0, 4.391195415542961)	(43.0, 4.4821447409361825)	(44.0, 4.552194817857004)	(45.0, 4.542811329739641)	(46.0, 4.5119198102405145)	(47.0, 4.486319729838273)	(48.0, 4.359755768581059)	(49.0, 4.0141025932839245)	(50.0, 3.7656415189359222)	(51.0, 3.5563777212154717)	(52.0, 3.208711843602347)	(53.0, 2.8939997010334126)	(54.0, 2.5520349479273516)	(55.0, 2.126584483829096)	(56.0, 1.698166847207151)	(57.0, 1.3787696807294718)	(58.0, 1.0840028735361134)	(59.0, 0.8561434111751978)	(60.0, 0.727601009920846)	(61.0, 0.6012276502219619)	(62.0, 0.46548375523357355)	(63.0, 0.37304680452465816)	(64.0, 0.28986813126380434)	(65.0, 0.22477487872018317)	(66.0, 0.18951171017986382)	(67.0, 0.1580642636657026)	(68.0, 0.11596026104446805)	(69.0, 0.07956232728931753)	(70.0, 0.06621778084611235)	(71.0, 0.05971469523355746)	(72.0, 0.04401273412005676)	(73.0, 0.03261340993802862)	(74.0, 0.02478718599581478)	(75.0, 0.01416753848425305)	(76.0, 0.010767699726764623)	(77.0, 0.009382025701314411)	(78.0, 0.008218708554106363)	(79.0, 0.006502249946241412)	(80.0, 0.005494506011057474)	(81.0, 0.0046064712752779445)	(82.0, 0.0030926617484291815)	(83.0, 0.0020631208502355984)	(84.0, 0.0014555914403437684)	(85.0, 0.00101930398585359)	(86.0, 0.0007117787824970652)	(87.0, 0.0005346175240416759)	(88.0, 0.0004197134059397135)	(89.0, 0.000352094073408195)	(90.0, 0.00029965601223802676)	(91.0, 0.0002542514758728877)	(92.0, 0.00021978024044229895)	(93.0, 0.00019352639042748696)	(94.0, 0.00018259308949293657)	(95.0, 0.00018335911694694967)	(96.0, 0.00018899986456286417)	(97.0, 0.0002429003417816029)	(98.0, 0.0003080126753727149)	(99.0, 0.0007326008014743299)	(100.0, 0.0011470912929548633)
3h_S0_L001_R1_001	(0.0, 6.513813275719799e-05)	(1.0, 6.513813275719799e-05)	(2.0, 0.0001033680585885658)	(3.0, 0.0001415979844199336)	(4.0, 0.0001415979844199336)	(5.0, 0.0001415979844199336)	(6.0, 0.00027864433184743824)	(7.0, 0.00041569067927494285)	(8.0, 0.00041569067927494285)	(9.0, 0.00041569067927494285)	(10.0, 0.0008518063514402814)	(11.0, 0.0012879220236056198)	(12.0, 0.0012879220236056198)	(13.0, 0.00222102673157874)	(14.0, 0.00315413143955186)	(15.0, 0.00315413143955186)	(16.0, 0.00315413143955186)	(17.0, 0.007626401652491011)	(18.0, 0.012098671865430162)	(19.0, 0.012098671865430162)	(20.0, 0.012098671865430162)	(21.0, 0.02385065433842859)	(22.0, 0.03560263681142702)	(23.0, 0.03560263681142702)	(24.0, 0.03560263681142702)	(25.0, 0.07727034903979084)	(26.0, 0.11893806126815466)	(27.0, 0.11893806126815466)	(28.0, 0.11893806126815466)	(29.0, 0.22073825303355527)	(30.0, 0.3225384447989559)	(31.0, 0.3225384447989559)	(32.0, 0.3225384447989559)	(33.0, 0.5790573074752472)	(34.0, 0.8355761701515385)	(35.0, 0.8355761701515385)	(36.0, 0.8355761701515385)	(37.0, 1.2985609778377678)	(38.0, 1.7615457855239973)	(39.0, 1.7615457855239973)	(40.0, 2.368826895136613)	(41.0, 2.9761080047492294)	(42.0, 2.9761080047492294)	(43.0, 2.9761080047492294)	(44.0, 3.5480105022383563)	(45.0, 4.119912999727484)	(46.0, 4.119912999727484)	(47.0, 4.119912999727484)	(48.0, 4.383800924445467)	(49.0, 4.64768884916345)	(50.0, 4.64768884916345)	(51.0, 4.64768884916345)	(52.0, 4.475490457862245)	(53.0, 4.303292066561038)	(54.0, 4.303292066561038)	(55.0, 4.303292066561038)	(56.0, 3.7877804691294945)	(57.0, 3.2722688716979516)	(58.0, 3.2722688716979516)	(59.0, 3.2722688716979516)	(60.0, 2.646661551961579)	(61.0, 2.0210542322252065)	(62.0, 2.0210542322252065)	(63.0, 1.5074634829780438)	(64.0, 0.9938727337308813)	(65.0, 0.9938727337308813)	(66.0, 0.9938727337308813)	(67.0, 0.6868555431968347)	(68.0, 0.3798383526627883)	(69.0, 0.3798383526627883)	(70.0, 0.3798383526627883)	(71.0, 0.24576477880256997)	(72.0, 0.11169120494235166)	(73.0, 0.11169120494235166)	(74.0, 0.11169120494235166)	(75.0, 0.06765631636099673)	(76.0, 0.02362142777964181)	(77.0, 0.02362142777964181)	(78.0, 0.02362142777964181)	(79.0, 0.013681991304939387)	(80.0, 0.0037425548302369646)	(81.0, 0.0037425548302369646)	(82.0, 0.0037425548302369646)	(83.0, 0.002401045887081824)	(84.0, 0.0010595369439266832)	(85.0, 0.0010595369439266832)	(86.0, 0.0010595369439266832)	(87.0, 0.0006568126927226094)	(88.0, 0.0002540884415185357)	(89.0, 0.0002540884415185357)	(90.0, 0.0001907862631784519)	(91.0, 0.0001274840848383681)	(92.0, 0.0001274840848383681)	(93.0, 0.0001274840848383681)	(94.0, 9.606248997046549e-05)	(95.0, 6.464089510256288e-05)	(96.0, 6.464089510256288e-05)	(97.0, 6.464089510256288e-05)	(98.0, 0.00011122823843683602)	(99.0, 0.00015781558177110916)	(100.0, 0.00015781558177110916)
3h_S0_L001_R2_001	(0.0, 0.00029357858625833323)	(1.0, 0.0004084171210857363)	(2.0, 0.0006955488802809642)	(3.0, 0.0009549096921274308)	(4.0, 0.0010953938467003735)	(5.0, 0.0012153331677755082)	(6.0, 0.0013478827659630906)	(7.0, 0.0014897129613514071)	(8.0, 0.001613619560619222)	(9.0, 0.0017222238011438417)	(10.0, 0.0018869366903935098)	(11.0, 0.0021714472122114315)	(12.0, 0.002571008801617078)	(13.0, 0.0032369447839598227)	(14.0, 0.004387172082823311)	(15.0, 0.00738381315911222)	(16.0, 0.018817438066163053)	(17.0, 0.04097468677228185)	(18.0, 0.06004333856114569)	(19.0, 0.07465439907926615)	(20.0, 0.08035063127716703)	(21.0, 0.09855923382926055)	(22.0, 0.12823036574380872)	(23.0, 0.16527957243294042)	(24.0, 0.24095242849967036)	(25.0, 0.3349337775158452)	(26.0, 0.4387350610341982)	(27.0, 0.585817436839849)	(28.0, 0.7860781305154798)	(29.0, 1.0582806676503849)	(30.0, 1.3788637372795043)	(31.0, 1.5994208136561265)	(32.0, 1.7693534366550534)	(33.0, 1.9786387672437364)	(34.0, 2.2378570404522806)	(35.0, 2.4964540095581493)	(36.0, 2.7674295242234614)	(37.0, 3.0784802161751186)	(38.0, 3.3109410399246237)	(39.0, 3.5524385441102675)	(40.0, 3.8318095987180785)	(41.0, 4.0955332122241845)	(42.0, 4.316231906263434)	(43.0, 4.465506770024569)	(44.0, 4.504797418048312)	(45.0, 4.471591441264086)	(46.0, 4.479064234805519)	(47.0, 4.475976842240573)	(48.0, 4.363037925224929)	(49.0, 4.078021292060427)	(50.0, 3.8856137547229532)	(51.0, 3.723207483521062)	(52.0, 3.410734522337329)	(53.0, 3.0879561309825885)	(54.0, 2.726124561541639)	(55.0, 2.2845524715341536)	(56.0, 1.8636129202102363)	(57.0, 1.5251111427141029)	(58.0, 1.1951849912527148)	(59.0, 0.9477552726609597)	(60.0, 0.8015568206054886)	(61.0, 0.6596691705276319)	(62.0, 0.5127968479334327)	(63.0, 0.4045499458231678)	(64.0, 0.31438887317378367)	(65.0, 0.24890660874323378)	(66.0, 0.21954265751160454)	(67.0, 0.19090542663177018)	(68.0, 0.1410476497648102)	(69.0, 0.09745958932735374)	(70.0, 0.08131609676305714)	(71.0, 0.07415487624825565)	(72.0, 0.054652941005348385)	(73.0, 0.04052907641813974)	(74.0, 0.030947036919015496)	(75.0, 0.017133682694637522)	(76.0, 0.013074377816737849)	(77.0, 0.01080714917387457)	(78.0, 0.009006996693945939)	(79.0, 0.007110354340831049)	(80.0, 0.006004333856114569)	(81.0, 0.0051696468620760355)	(82.0, 0.0035743051188445187)	(83.0, 0.0024277617211599474)	(84.0, 0.0017699019837094446)	(85.0, 0.0012117909551034724)	(86.0, 0.0008025945472298884)	(87.0, 0.0005691627321427242)	(88.0, 0.00043363767531063164)	(89.0, 0.0003522376281072473)	(90.0, 0.0002934368977514518)	(91.0, 0.0002454044939186453)	(92.0, 0.00019786799985992392)	(93.0, 0.00016591724155816032)	(94.0, 0.0001467184488757259)	(95.0, 0.00013198284416005663)	(96.0, 0.00013410817176327816)	(97.0, 0.00014650591611540373)	(98.0, 0.00017973187097910023)	(99.0, 0.00040289126931736024)	(100.0, 0.0006017510887254543)
72h_S1_L001_R1_001	(0.0, 0.00010982498167284369)	(1.0, 0.00010982498167284369)	(2.0, 0.00014924381638441834)	(3.0, 0.000188662651095993)	(4.0, 0.000188662651095993)	(5.0, 0.000188662651095993)	(6.0, 0.0003181872687760604)	(7.0, 0.0004477118864561277)	(8.0, 0.0004477118864561277)	(9.0, 0.0004477118864561277)	(10.0, 0.0007749958093963976)	(11.0, 0.0011022797323366675)	(12.0, 0.0011022797323366675)	(13.0, 0.0019444734063654517)	(14.0, 0.0027866670803942356)	(15.0, 0.0027866670803942356)	(16.0, 0.0027866670803942356)	(17.0, 0.00642554393574645)	(18.0, 0.010064420791098663)	(19.0, 0.010064420791098663)	(20.0, 0.010064420791098663)	(21.0, 0.01871886018674485)	(22.0, 0.027373299582391035)	(23.0, 0.027373299582391035)	(24.0, 0.027373299582391035)	(25.0, 0.06241005101204898)	(26.0, 0.09744680244170693)	(27.0, 0.09744680244170693)	(28.0, 0.09744680244170693)	(29.0, 0.20385850428247082)	(30.0, 0.3102702061232347)	(31.0, 0.3102702061232347)	(32.0, 0.3102702061232347)	(33.0, 0.5682331640372829)	(34.0, 0.8261961219513311)	(35.0, 0.8261961219513311)	(36.0, 0.8261961219513311)	(37.0, 1.2945974386385368)	(38.0, 1.762998755325743)	(39.0, 1.762998755325743)	(40.0, 2.3829003085721245)	(41.0, 3.002801861818507)	(42.0, 3.002801861818507)	(43.0, 3.002801861818507)	(44.0, 3.576016197174534)	(45.0, 4.149230532530561)	(46.0, 4.149230532530561)	(47.0, 4.149230532530561)	(48.0, 4.414313431877588)	(49.0, 4.679396331224614)	(50.0, 4.679396331224614)	(51.0, 4.679396331224614)	(52.0, 4.498662460837026)	(53.0, 4.317928590449438)	(54.0, 4.317928590449438)	(55.0, 4.317928590449438)	(56.0, 3.791956192823508)	(57.0, 3.265983795197579)	(58.0, 3.265983795197579)	(59.0, 3.265983795197579)	(60.0, 2.634500401432023)	(61.0, 2.003017007666466)	(62.0, 2.003017007666466)	(63.0, 1.492278023605499)	(64.0, 0.981539039544532)	(65.0, 0.981539039544532)	(66.0, 0.981539039544532)	(67.0, 0.6764038457902508)	(68.0, 0.3712686520359696)	(69.0, 0.3712686520359696)	(70.0, 0.3712686520359696)	(71.0, 0.23882661020790896)	(72.0, 0.10638456837984828)	(73.0, 0.10638456837984828)	(74.0, 0.10638456837984828)	(75.0, 0.0640675592142536)	(76.0, 0.021750550048658925)	(77.0, 0.021750550048658925)	(78.0, 0.021750550048658925)	(79.0, 0.012237777753853905)	(80.0, 0.0027250054590488844)	(81.0, 0.0027250054590488844)	(82.0, 0.0027250054590488844)	(83.0, 0.0016146267701015013)	(84.0, 0.0005042480811541181)	(85.0, 0.0005042480811541181)	(86.0, 0.0005042480811541181)	(87.0, 0.00032092604637388685)	(88.0, 0.0001376040115936556)	(89.0, 0.0001376040115936556)	(90.0, 0.00010599069303588655)	(91.0, 7.437737447811752e-05)	(92.0, 7.437737447811752e-05)	(93.0, 7.437737447811752e-05)	(94.0, 5.925540959868963e-05)	(95.0, 4.4133444719261734e-05)	(96.0, 4.4133444719261734e-05)	(97.0, 4.4133444719261734e-05)	(98.0, 8.930371238627208e-05)	(99.0, 0.00013447398005328242)	(100.0, 0.00013447398005328242)
72h_S1_L001_R2_001	(0.0, 0.000509782295250583)	(1.0, 0.0008989756103266044)	(2.0, 0.0016182286551343226)	(3.0, 0.0020807766386558802)	(4.0, 0.002276969540215456)	(5.0, 0.0024971061020985)	(6.0, 0.0027908875586128198)	(7.0, 0.003029235813650987)	(8.0, 0.003217084712370566)	(9.0, 0.003380336941848763)	(10.0, 0.0036661371782552594)	(11.0, 0.004174758568762886)	(12.0, 0.004859692367106966)	(13.0, 0.005951813504042886)	(14.0, 0.007657037458352479)	(15.0, 0.011160140076768845)	(16.0, 0.019539332841786432)	(17.0, 0.0317030750688408)	(18.0, 0.04313653565602936)	(19.0, 0.05641866448982903)	(20.0, 0.07593964052536746)	(21.0, 0.10573019758673458)	(22.0, 0.14345894872388887)	(23.0, 0.1978400802767371)	(24.0, 0.28281903302658556)	(25.0, 0.4066380855353294)	(26.0, 0.5561443321783692)	(27.0, 0.7164749997578244)	(28.0, 0.9197615371926864)	(29.0, 1.216165187295158)	(30.0, 1.547229099629512)	(31.0, 1.7964667862697001)	(32.0, 2.0055917313265272)	(33.0, 2.23853321763747)	(34.0, 2.4718625912456527)	(35.0, 2.649520415122645)	(36.0, 2.9196066449284883)	(37.0, 3.3068139422154976)	(38.0, 3.462300807311515)	(39.0, 3.5232311829717498)	(40.0, 3.6770190639764513)	(41.0, 3.8397230561897873)	(42.0, 3.9400387214988277)	(43.0, 3.9614185236974784)	(44.0, 4.007382442854977)	(45.0, 3.9692980195272)	(46.0, 3.9375969034851126)	(47.0, 3.9839460979041807)	(48.0, 3.992814466905261)	(49.0, 3.886770825037928)	(50.0, 3.7825654758310665)	(51.0, 3.631787820824851)	(52.0, 3.3407150453020327)	(53.0, 3.0372042638066374)	(54.0, 2.6996689605392215)	(55.0, 2.378714279263076)	(56.0, 2.109656538502945)	(57.0, 1.735324763163515)	(58.0, 1.276303027798686)	(59.0, 1.0077415012596227)	(60.0, 0.9214219937578457)	(61.0, 0.8049599573879466)	(62.0, 0.631940818637621)	(63.0, 0.5323549270726207)	(64.0, 0.49160912962161646)	(65.0, 0.41522841785047215)	(66.0, 0.3293872756593395)	(67.0, 0.2555441565432043)	(68.0, 0.164577692468467)	(69.0, 0.10272294640665332)	(70.0, 0.08466224342466075)	(71.0, 0.08031233335280437)	(72.0, 0.06263777631093755)	(73.0, 0.04939809305680221)	(74.0, 0.03794475197589053)	(75.0, 0.017604612531103712)	(76.0, 0.01269217155473868)	(77.0, 0.010539563935112392)	(78.0, 0.009017327590911249)	(79.0, 0.00719630338849179)	(80.0, 0.0058694618238394405)	(81.0, 0.004752671461115704)	(82.0, 0.0034949762852156743)	(83.0, 0.0026263293112987972)	(84.0, 0.0020324539787303342)	(85.0, 0.0016157617325555412)	(86.0, 0.0012905632914349727)	(87.0, 0.0010491676614465455)	(88.0, 0.0008509431765867972)	(89.0, 0.000701912030209812)	(90.0, 0.0005918437492682899)	(91.0, 0.0004906999235382426)	(92.0, 0.00041357231467809886)	(93.0, 0.0003603158095949893)	(94.0, 0.0003169269948270063)	(95.0, 0.0002789073644951951)	(96.0, 0.0002751344240805879)	(97.0, 0.0003061886259546627)	(98.0, 0.0003974647613695834)	(99.0, 0.0008724199143314844)	(100.0, 0.0012749636339515005)
7dpa_S1_L001_R1_001	(0.0, 5.3825751949219905e-05)	(1.0, 5.3825751949219905e-05)	(2.0, 6.784046847963196e-05)	(3.0, 8.185518501004401e-05)	(4.0, 8.185518501004401e-05)	(5.0, 8.185518501004401e-05)	(6.0, 0.00018011220859688893)	(7.0, 0.00027836923218373387)	(8.0, 0.00027836923218373387)	(9.0, 0.00027836923218373387)	(10.0, 0.000530961396463317)	(11.0, 0.0007835535607429001)	(12.0, 0.0007835535607429001)	(13.0, 0.0013598510251033604)	(14.0, 0.0019361484894638208)	(15.0, 0.0019361484894638208)	(16.0, 0.0019361484894638208)	(17.0, 0.004330277894117893)	(18.0, 0.006724407298771964)	(19.0, 0.006724407298771964)	(20.0, 0.006724407298771964)	(21.0, 0.013185326376181635)	(22.0, 0.019646245453591307)	(23.0, 0.019646245453591307)	(24.0, 0.019646245453591307)	(25.0, 0.048474921627318035)	(26.0, 0.07730359780104477)	(27.0, 0.07730359780104477)	(28.0, 0.07730359780104477)	(29.0, 0.17605281130208345)	(30.0, 0.2748020248031221)	(31.0, 0.2748020248031221)	(32.0, 0.2748020248031221)	(33.0, 0.5232353027013212)	(34.0, 0.7716685805995203)	(35.0, 0.7716685805995203)	(36.0, 0.7716685805995203)	(37.0, 1.2349639995044026)	(38.0, 1.698259418409285)	(39.0, 1.698259418409285)	(40.0, 2.323808523858399)	(41.0, 2.9493576293075137)	(42.0, 2.9493576293075137)	(43.0, 2.9493576293075137)	(44.0, 3.54785750406061)	(45.0, 4.146357378813707)	(46.0, 4.146357378813707)	(47.0, 4.146357378813707)	(48.0, 4.436848089482271)	(49.0, 4.727338800150836)	(50.0, 4.727338800150836)	(51.0, 4.727338800150836)	(52.0, 4.563039253757927)	(53.0, 4.398739707365019)	(54.0, 4.398739707365019)	(55.0, 4.398739707365019)	(56.0, 3.865458528798202)	(57.0, 3.332177350231386)	(58.0, 3.332177350231386)	(59.0, 3.332177350231386)	(60.0, 2.686255852202956)	(61.0, 2.040334354174526)	(62.0, 2.040334354174526)	(63.0, 1.5163497454134338)	(64.0, 0.9923651366523416)	(65.0, 0.9923651366523416)	(66.0, 0.9923651366523416)	(67.0, 0.6814649367578216)	(68.0, 0.3705647368633016)	(69.0, 0.3705647368633016)	(70.0, 0.3705647368633016)	(71.0, 0.23693093031767437)	(72.0, 0.10329712377204708)	(73.0, 0.10329712377204708)	(74.0, 0.10329712377204708)	(75.0, 0.06150264019548527)	(76.0, 0.019708156618923455)	(77.0, 0.019708156618923455)	(78.0, 0.019708156618923455)	(79.0, 0.011023537100381332)	(80.0, 0.002338917581839207)	(81.0, 0.002338917581839207)	(82.0, 0.002338917581839207)	(83.0, 0.0014039742809930642)	(84.0, 0.000469030980146922)	(85.0, 0.000469030980146922)	(86.0, 0.000469030980146922)	(87.0, 0.0002895925559986105)	(88.0, 0.00011015413185029911)	(89.0, 0.00011015413185029911)	(90.0, 8.277923225380744e-05)	(91.0, 5.540433265731577e-05)	(92.0, 5.540433265731577e-05)	(93.0, 5.540433265731577e-05)	(94.0, 4.704940549495474e-05)	(95.0, 3.869447833259371e-05)	(96.0, 3.869447833259371e-05)	(97.0, 3.869447833259371e-05)	(98.0, 0.00010050938874351829)	(99.0, 0.00016232429915444288)	(100.0, 0.00016232429915444288)
7dpa_S1_L001_R2_001	(0.0, 0.0004871639040614394)	(1.0, 0.000770309210899607)	(2.0, 0.001357201283205406)	(3.0, 0.0017419994620353225)	(4.0, 0.0019345411220982357)	(5.0, 0.0022138370214416247)	(6.0, 0.002564632100734329)	(7.0, 0.002855404937238077)	(8.0, 0.0031548032979430876)	(9.0, 0.0034941214400754333)	(10.0, 0.003933239035776116)	(11.0, 0.0046295540803872)	(12.0, 0.005541934941973732)	(13.0, 0.006830488458188917)	(14.0, 0.00861932237807738)	(15.0, 0.011394460040516925)	(16.0, 0.017123590243255264)	(17.0, 0.02603254489265276)	(18.0, 0.03628537046967188)	(19.0, 0.049710179107712645)	(20.0, 0.06979246672264922)	(21.0, 0.10166605977668482)	(22.0, 0.13712444920289504)	(23.0, 0.18416378107714707)	(24.0, 0.26366801776782706)	(25.0, 0.3759656420478229)	(26.0, 0.5036863451675935)	(27.0, 0.6457532910231364)	(28.0, 0.817761783796956)	(29.0, 1.0468852899919627)	(30.0, 1.3019145957735907)	(31.0, 1.5091206449731873)	(32.0, 1.7087384427207153)	(33.0, 1.932255286899577)	(34.0, 2.170339144462569)	(35.0, 2.3616380874725844)	(36.0, 2.6188369620894636)	(37.0, 2.968606601996754)	(38.0, 3.1582470919444354)	(39.0, 3.2596543859950824)	(40.0, 3.3784842409377456)	(41.0, 3.4657297786710735)	(42.0, 3.560490286543421)	(43.0, 3.682678678239955)	(44.0, 3.7727460455229274)	(45.0, 3.7442892293324523)	(46.0, 3.7383253565578562)	(47.0, 3.771141769306817)	(48.0, 3.8224843110482873)	(49.0, 3.925751225345532)	(50.0, 3.963149787434435)	(51.0, 3.8924154277260725)	(52.0, 3.6854127555557836)	(53.0, 3.402753472056494)	(54.0, 3.1066959693450067)	(55.0, 2.921531199748569)	(56.0, 2.7766818451275412)	(57.0, 2.3144941087427333)	(58.0, 1.6441357614395917)	(59.0, 1.24370713476245)	(60.0, 1.1441391446410674)	(61.0, 1.0363017005116886)	(62.0, 0.8365639295639067)	(63.0, 0.7475907920039868)	(64.0, 0.7559261136513382)	(65.0, 0.6566215228020523)	(66.0, 0.4898819421793731)	(67.0, 0.34520217534408704)	(68.0, 0.2109191591549305)	(69.0, 0.12600728907265016)	(70.0, 0.10409931302532882)	(71.0, 0.09987373287592145)	(72.0, 0.07871503686892639)	(73.0, 0.06316806413607892)	(74.0, 0.04846788976675878)	(75.0, 0.02305231935313028)	(76.0, 0.01703797656915843)	(77.0, 0.01408590873260702)	(78.0, 0.011930668247474803)	(79.0, 0.00962166531852337)	(80.0, 0.007944606786631446)	(81.0, 0.006543707599827903)	(82.0, 0.004968658366547613)	(83.0, 0.003832798014291983)	(84.0, 0.0030485881652167865)	(85.0, 0.002378078407885516)	(86.0, 0.001853204567440041)	(87.0, 0.0014709013749493328)	(88.0, 0.001171716870216254)	(89.0, 0.0009331961761879285)	(90.0, 0.0007516324560175326)	(91.0, 0.0006108439411622)	(92.0, 0.0004958607135866802)	(93.0, 0.0004056134934313126)	(94.0, 0.0003451635386984913)	(95.0, 0.0003195008220666332)	(96.0, 0.00031543755859992235)	(97.0, 0.00033147675649483366)	(98.0, 0.0004507371035089964)	(99.0, 0.0011937440353252653)	(100.0, 0.0018367376576012655)
control_S0_L001_R1_001	(0.0, 0.00015167118764875418)	(1.0, 0.00015167118764875418)	(2.0, 0.0001908127760281763)	(3.0, 0.0002299543644075984)	(4.0, 0.0002299543644075984)	(5.0, 0.0002299543644075984)	(6.0, 0.00044244009254904015)	(7.0, 0.000654925820690482)	(8.0, 0.000654925820690482)	(9.0, 0.000654925820690482)	(10.0, 0.0011850249117231397)	(11.0, 0.0017151240027557975)	(12.0, 0.0017151240027557975)	(13.0, 0.002924308926670774)	(14.0, 0.0041334938505857505)	(15.0, 0.0041334938505857505)	(16.0, 0.0041334938505857505)	(17.0, 0.009094191778733187)	(18.0, 0.014054889706880624)	(19.0, 0.014054889706880624)	(20.0, 0.014054889706880624)	(21.0, 0.02633834126494065)	(22.0, 0.038621792823000684)	(23.0, 0.038621792823000684)	(24.0, 0.038621792823000684)	(25.0, 0.07902913687383925)	(26.0, 0.11943648092467782)	(27.0, 0.11943648092467782)	(28.0, 0.11943648092467782)	(29.0, 0.22563242640963074)	(30.0, 0.3318283718945837)	(31.0, 0.3318283718945837)	(32.0, 0.3318283718945837)	(33.0, 0.586171321158383)	(34.0, 0.8405142704221822)	(35.0, 0.8405142704221822)	(36.0, 0.8405142704221822)	(37.0, 1.3010053068514897)	(38.0, 1.761496343280797)	(39.0, 1.761496343280797)	(40.0, 2.3605693083353416)	(41.0, 2.9596422733898864)	(42.0, 2.9596422733898864)	(43.0, 2.9596422733898864)	(44.0, 3.531953307423251)	(45.0, 4.104264341456615)	(46.0, 4.104264341456615)	(47.0, 4.104264341456615)	(48.0, 4.382458098181054)	(49.0, 4.660651854905494)	(50.0, 4.660651854905494)	(51.0, 4.660651854905494)	(52.0, 4.491689382060471)	(53.0, 4.322726909215449)	(54.0, 4.322726909215449)	(55.0, 4.322726909215449)	(56.0, 3.795304092213055)	(57.0, 3.267881275210661)	(58.0, 3.267881275210661)	(59.0, 3.267881275210661)	(60.0, 2.6385225702978974)	(61.0, 2.0091638653851343)	(62.0, 2.0091638653851343)	(63.0, 1.4976914134252168)	(64.0, 0.9862189614652995)	(65.0, 0.9862189614652995)	(66.0, 0.9862189614652995)	(67.0, 0.6818813476263494)	(68.0, 0.3775437337873994)	(69.0, 0.3775437337873994)	(70.0, 0.3775437337873994)	(71.0, 0.2448371293034905)	(72.0, 0.1121305248195816)	(73.0, 0.1121305248195816)	(74.0, 0.1121305248195816)	(75.0, 0.06804152257100315)	(76.0, 0.023952520322424703)	(77.0, 0.023952520322424703)	(78.0, 0.023952520322424703)	(79.0, 0.014058107094125125)	(80.0, 0.004163693865825547)	(81.0, 0.004163693865825547)	(82.0, 0.004163693865825547)	(83.0, 0.0028121938374145376)	(84.0, 0.0014606938090035277)	(85.0, 0.0014606938090035277)	(86.0, 0.0014606938090035277)	(87.0, 0.00090118424561316)	(88.0, 0.00034167468222279213)	(89.0, 0.00034167468222279213)	(90.0, 0.0002389946304074851)	(91.0, 0.00013631457859217808)	(92.0, 0.00013631457859217808)	(93.0, 0.00013631457859217808)	(94.0, 9.857442882845892e-05)	(95.0, 6.0834279064739776e-05)	(96.0, 6.0834279064739776e-05)	(97.0, 6.0834279064739776e-05)	(98.0, 7.788840531780114e-05)	(99.0, 9.494253157086252e-05)	(100.0, 9.494253157086252e-05)
control_S0_L001_R2_001	(0.0, 0.000627917087164541)	(1.0, 0.0008536365248134117)	(2.0, 0.0013824858263777676)	(3.0, 0.0018102186732157897)	(4.0, 0.0020057934080084743)	(5.0, 0.002171150273190467)	(6.0, 0.0023753586850147777)	(7.0, 0.002614394471983614)	(8.0, 0.002820871053197589)	(9.0, 0.0029486202065638544)	(10.0, 0.0031801198178186443)	(11.0, 0.0035878049739222124)	(12.0, 0.004107362097664395)	(13.0, 0.005017849190728429)	(14.0, 0.007309505108589137)	(15.0, 0.015950571982420347)	(16.0, 0.050924865969992926)	(17.0, 0.09485060020400823)	(18.0, 0.11138087238237411)	(19.0, 0.11577277998830965)	(20.0, 0.11125495239787048)	(21.0, 0.12125289673400261)	(22.0, 0.14785274350116132)	(23.0, 0.1837550846028792)	(24.0, 0.25537941075645937)	(25.0, 0.340507539455048)	(26.0, 0.4339346804501555)	(27.0, 0.5724467365709058)	(28.0, 0.7584739415681928)	(29.0, 1.005943221328329)	(30.0, 1.3155438798455088)	(31.0, 1.5513466474330195)	(32.0, 1.7229327105933305)	(33.0, 1.9164189003786611)	(34.0, 2.1672030731184146)	(35.0, 2.440433854972588)	(36.0, 2.728627603956869)	(37.0, 3.0418222866221036)	(38.0, 3.2890781389593475)	(39.0, 3.5510206075949333)	(40.0, 3.8547467073928825)	(41.0, 4.15747466632587)	(42.0, 4.4075225620150364)	(43.0, 4.597661665448767)	(44.0, 4.664286507267)	(45.0, 4.591371592730701)	(46.0, 4.547839568802678)	(47.0, 4.47126609704085)	(48.0, 4.280799938214481)	(49.0, 3.9992605592189485)	(50.0, 3.832564742429508)	(51.0, 3.6634209123678296)	(52.0, 3.3528425265101953)	(53.0, 3.040390486403189)	(54.0, 2.6850954336953374)	(55.0, 2.254111129453854)	(56.0, 1.8490785608681213)	(57.0, 1.5219129790971158)	(58.0, 1.2004475996693553)	(59.0, 0.9591036210961399)	(60.0, 0.8058413667673834)	(61.0, 0.6534207496157012)	(62.0, 0.5063593777312693)	(63.0, 0.39976105025713443)	(64.0, 0.3091072219247961)	(65.0, 0.2460366015401678)	(66.0, 0.21363280197187565)	(67.0, 0.18578260853697573)	(68.0, 0.14230275250491578)	(69.0, 0.1020848167222114)	(70.0, 0.08427997968036308)	(71.0, 0.07368821396466588)	(72.0, 0.055346406111503106)	(73.0, 0.044892340227784905)	(74.0, 0.03648613863591573)	(75.0, 0.022404538230578936)	(76.0, 0.01842638862137091)	(77.0, 0.015398016652396271)	(78.0, 0.01272201577311919)	(79.0, 0.01043321335868419)	(80.0, 0.009277617638027378)	(81.0, 0.00810402289576226)	(82.0, 0.0057285910439929776)	(83.0, 0.004138092134556623)	(84.0, 0.0031430974400389593)	(85.0, 0.0021917832979609637)	(86.0, 0.0015081863106178842)	(87.0, 0.0011201830114762434)	(88.0, 0.0008891955675029906)	(89.0, 0.0007401548885756812)	(90.0, 0.0006211857457500526)	(91.0, 0.0005251177970845853)	(92.0, 0.0004608042198744207)	(93.0, 0.0004066608215404938)	(94.0, 0.0003651021049814798)	(95.0, 0.00033707923800594736)	(96.0, 0.0003269090591297097)	(97.0, 0.00034981025328987067)	(98.0, 0.00044543920142830633)	(99.0, 0.0011068666621562777)	(100.0, 0.0016879570264374225)
